Time            fiSYS fiDIA fiMAP  HR   IBI  SV    CO   EJT    TPR Artifact Zao   Cwk Height
s                mmHg  mmHg  mmHg bpm     s  ml   lpm     s     MU _TPSROD2 mMU    MU   mmHg
0,000           [Res] 21071400  
0,000           [Res] 03492009  
0,000           [Res] BF v3.7   
0,000           [Res] BEATF-MF-2
0,000           [Res] BFmf32-2ch
0,000           [Res] mf-vs-3.21
0,000           [Res] TNOsamples
0,000           [Res] un-delayed
0,000           [Res] sfreq100Hz
0,000           [Res] preschan=1
0,000           [Res] p-site=FIN
0,000           [Res] unfiltered
0,000           [Por] Finger fixed, cuff C2
0,000           [Res] lvl-as-is-
0,000           [Res] calibration 100,0, at 12:56:57.000
0,000           [Res] Start sampling at 12:56:57.00
0,000           [Por] Male     34 y 168 cm  78 kg
0,000           [Res] Female   24 y 160 cm  55 kg
0,000           [Res] hitechan=2
0,000           [Res] markchan=0
0,000           [Res] select=EJT
0,745           [Por] Physiocal  on, Hgt off, C2
14,810            113    56    74  62 0,970  69  4,29 0,360  1,027 11001000  72  1,97    127
15,780            118    57    76  60 1,000  80  4,77 0,370  0,949 10000000  72  1,97    127
16,780            118    58    72  51 1,170  77  3,98 0,350  1,089 10000000  71  1,97    127
17,950            119    55    73  54 1,120  83  4,45 0,380  0,980 10000000  73  1,97    127
19,070            114    54    71  57 1,050  75  4,25 0,360  0,995 10000000  73  1,97    127
20,120            113    54    71  56 1,080  79  4,36 0,380  0,970 10000000  73  1,97    127
21,200            111    54    71  59 1,010  75  4,46 0,370  0,955 10000000  73  1,97    127
22,210            110    55    71  57 1,060  74  4,18 0,380  1,022 10000000  72  1,97    127
23,270            115    56    73  59 1,010  73  4,36 0,370  1,008 10000000  72  1,97    127
24,280            118    58    73  56 1,080  73  4,07 0,370  1,079 10100000  71  1,97    127
25,360            118    58    73  54 1,120  73  3,92 0,370  1,121 10100000  71  1,97    127
26,480            118    58    73  61 0,990  73  4,43 0,370  0,992 10100000  71  1,97    127
27,470            121    55    72  54 1,110  75  4,04 0,390  1,065 10100000  72  1,97    127
28,580            117    55    70  54 1,110  71  3,83 0,380  1,096 10001000  72  1,97    127
29,690            115    54    70  57 1,050  69  3,92 0,350  1,067 10001000  73  1,97    127
30,740            117    54    69  53 1,130  76  4,04 0,370  1,028 10000000  73  1,97    127
31,870            114    53    69  58 1,040  77  4,41 0,370  0,942 10000000  73  1,97    127
32,910            112    54    67  56 1,070  69  3,88 0,360  1,032 10000000  73  1,97    127
33,980            114    53    68  54 1,110  77  4,17 0,380  0,978 10000000  73  1,97    127
35,090            111    52    67  57 1,050  72  4,10 0,380  0,984 10001000  74  1,97    127
36,140            111    53    68  56 1,070  74  4,12 0,380  0,986 10000000  73  1,97    127
37,210            111    53    68  59 1,010  74  4,37 0,380  0,930 10100000  73  1,97    127
38,220            111    53    68  50 1,190  74  3,71 0,380  1,095 10100000  73  1,97    127
39,410            111    53    68  60 1,000  74  4,41 0,380  0,921 10100000  73  1,97    127
40,410            113    54    69  59 1,020  65  3,81 0,370  1,090 10100000  73  1,97    127
41,430            111    54    67  59 1,020  61  3,58 0,350  1,118 10000000  73  1,97    127
42,450            113    52    68  56 1,080  69  3,84 0,390  1,054 10000000  74  1,97    127
43,530            111    52    68  61 0,980  68  4,15 0,370  0,975 10000000  74  1,97    127
44,510            112    53    67  57 1,050  73  4,13 0,370  0,976 10000000  73  1,97    127
45,560            111    52    68  59 1,010  74  4,39 0,370  0,925 10000000  74  1,97    127
46,570            109    52    66  58 1,040  67  3,87 0,370  1,015 10000000  74  1,97    127
47,610            109    51    66  54 1,110  75  4,04 0,380  0,980 10000000  74  1,96    127
48,720            106    50    66  59 1,010  69  4,12 0,370  0,961 10000000  75  1,96    127
49,730            104    52    66  58 1,040  69  3,98 0,370  0,994 10100000  74  1,97    127
50,770            104    52    66  59 1,010  69  4,12 0,370  0,961 10100000  74  1,97    127
51,780            104    52    66  54 1,110  69  3,74 0,370  1,058 10100000  74  1,97    127
52,890            105    51    67  55 1,090  64  3,49 0,370  1,147 10100000  74  1,96    127
53,980            109    52    68  56 1,070  65  3,63 0,380  1,128 10000000  74  1,97    127
55,050            111    55    69  57 1,060  63  3,57 0,370  1,159 10000000  72  1,97    127
56,110            108    53    69  64 0,940  62  3,95 0,360  1,040 10000000  73  1,97    127
57,050            112    55    71  59 1,020  69  4,04 0,360  1,047 10000000  72  1,97    127
58,070            118    56    76  61 0,990  77  4,63 0,380  0,978 10000000  72  1,97    127
59,060            118    59    74  69 0,870  67  4,61 0,360  0,963 10001000  71  1,97    127
59,930            115    58    75  71 0,850  75  5,25 0,430  0,860 10000000  71  1,97    127
60,780            114    59    72  72 0,830  62  4,48 0,360  0,957 10000000  71  1,97    127
61,610            111    59    72  75 0,800  62  4,63 0,360  0,926 10100000  71  1,97    127
62,410            111    59    72  71 0,840  62  4,42 0,360  0,970 10100000  71  1,97    127
63,250            111    59    72  63 0,950  62  3,89 0,360  1,102 10100000  71  1,97    127
64,200            127    64    82  67 0,900  69  4,56 0,360  1,075 10100000  70  1,94    127
65,100            124    63    80  67 0,900  66  4,39 0,360  1,086 10001000  70  1,95    127
66,000            124    62    78  62 0,970  69  4,25 0,370  1,097 10000000  70  1,95    127
66,970            122    60    77  63 0,960  72  4,47 0,350  1,036 10001000  71  1,96    127
67,930            119    59    73  57 1,060  71  3,98 0,360  1,100 10000000  71  1,97    127
68,990            117    55    72  56 1,080  78  4,32 0,360  1,000 10000000  72  1,97    127
70,070            112    54    70  59 1,010  70  4,18 0,360  0,997 10000000  73  1,97    127
71,080            111    53    69  57 1,060  75  4,24 0,370  0,976 10000000  73  1,97    127
72,140            108    52    69  60 1,000  71  4,26 0,360  0,964 10000000  74  1,97    127
73,140            107    54    68  61 0,980  66  4,00 0,350  1,023 10000000  73  1,97    127
74,120            112    53    70  58 1,030  76  4,46 0,370  0,945 10000000  73  1,97    127
75,150            111    54    73  67 0,890  72  4,83 0,360  0,900 10000000  73  1,97    127
76,040            112    57    71  63 0,960  69  4,28 0,360  0,998 10000000  72  1,97    127
77,000            113    56    76  73 0,820  73  5,35 0,370  0,846 10000000  72  1,97    127
77,820            112    59    74  65 0,930  71  4,58 0,360  0,966 10000000  71  1,97    127
78,750            112    57    74  63 0,950  73  4,61 0,360  0,959 10000000  72  1,97    127
79,700            112    58    74  63 0,950  68  4,30 0,350  1,025 10000000  71  1,97    127
80,650            117    59    75  53 1,130  78  4,13 0,360  1,082 10000000  71  1,97    127
81,780            119    57    74  53 1,140  80  4,17 0,370  1,057 10000000  72  1,97    127
82,920            116    56    74  67 0,890  80  5,37 0,370  0,821 10100000  72  1,97    127
83,810            116    56    74  53 1,140  80  4,17 0,370  1,057 10100000  72  1,97    127
84,950            116    56    74  72 0,830  80  5,76 0,370  0,765 10100000  72  1,97    127
85,780            115    58    71  59 1,010  62  3,69 0,360  1,146 10100000  71  1,97    127
86,790            116    54    72  64 0,940  69  4,43 0,360  0,978 10000000  73  1,97    127
87,730            115    56    69  55 1,090  65  3,58 0,360  1,152 10000000  72  1,97    127
88,820            115    52    67  50 1,200  74  3,71 0,370  1,079 10000000  74  1,97    127
90,020            109    50    67  63 0,960  68  4,23 0,350  0,946 10000000  75  1,96    127
90,980            109    53    66  54 1,110  70  3,77 0,370  1,050 10000000  73  1,97    127
92,090            108    50    67  59 1,020  72  4,25 0,380  0,942 10000000  75  1,96    127
93,110            107    53    67  65 0,920  65  4,19 0,340  0,963 10000000  73  1,97    127
94,030            109    54    69  63 0,950  69  4,35 0,370  0,948 10000000  73  1,97    127
94,980            109    54    69  65 0,920  67  4,36 0,360  0,952 10000000  73  1,97    127
95,900            110    55    67  53 1,130  68  3,62 0,350  1,110 10000000  72  1,97    127
97,030            112    51    67  52 1,150  77  3,99 0,370  1,003 10000000  74  1,96    127
98,180            107    50    67  64 0,940  69  4,40 0,360  0,917 10000000  75  1,96    127
99,120            108    54    67  57 1,050  67  3,80 0,360  1,050 10000000  73  1,97    127
100,170           108    51    68  61 0,980  73  4,44 0,380  0,922 10000000  74  1,96    127
101,150           107    54    68  60 1,000  65  3,87 0,350  1,046 10000000  73  1,97    127
102,150           109    54    67  50 1,200  73  3,64 0,370  1,104 10000000  73  1,97    127
103,350           108    51    69  61 0,980  72  4,39 0,370  0,943 10000000  74  1,96    127
104,330           107    55    69  59 1,010  65  3,88 0,360  1,063 10000000  72  1,97    127
105,340           110    55    69  53 1,130  72  3,79 0,370  1,092 10000000  73  1,97    127
106,470           110    53    71  60 1,000  71  4,25 0,360  0,998 10000000  73  1,97    127
107,470           111    58    72  62 0,970  67  4,14 0,360  1,039 10000000  71  1,97    127
108,440           115    57    72  56 1,070  75  4,17 0,360  1,035 10000000  72  1,97    127
109,510           114    55    72  61 0,980  74  4,48 0,360  0,967 10000000  72  1,97    127
110,490           115    57    69  50 1,190  72  3,61 0,360  1,146 10000000  72  1,97    127
111,680           116    52    68  50 1,210  80  3,94 0,370  1,035 10000000  74  1,97    127
112,890           111    52    69  61 0,990  71  4,27 0,350  0,962 10000000  74  1,97    127
113,880           111    54    68  56 1,070  71  3,95 0,360  1,025 10000000  73  1,97    127
114,950           110    52    70  65 0,930  71  4,55 0,350  0,919 10000000  74  1,97    127
115,880           114    55    70  56 1,070  71  3,95 0,350  1,059 10100000  72  1,97    127
116,950           114    55    70  48 1,260  71  3,35 0,350  1,249 10100000  72  1,97    127
118,210           114    55    70  63 0,950  71  4,44 0,350  0,942 10100000  72  1,97    127
119,160           112    54    70  61 0,980  63  3,84 0,360  1,089 10100000  73  1,97    127
120,140           110    55    70  69 0,870  58  4,00 0,350  1,050 10000000  72  1,97    127
121,010           110    57    70  68 0,880  54  3,67 0,330  1,136 10000000  72  1,97    127
121,890           117    56    72  59 1,020  71  4,19 0,360  1,027 10000000  72  1,97    127
122,910           116    55    72  64 0,940  72  4,61 0,350  0,940 10000000  72  1,97    127
123,850           116    56    70  56 1,080  72  3,97 0,350  1,057 10001000  72  1,97    127
124,930           116    54    71  57 1,050  78  4,42 0,360  0,957 10001000  73  1,97    127
125,980           113    54    69  58 1,030  71  4,12 0,350  0,997 10000000  73  1,97    127
127,010           113    54    71  62 0,970  75  4,63 0,360  0,923 10000000  73  1,97    127
127,980           115    56    69  52 1,160  73  3,77 0,360  1,094 10000000  72  1,97    127
129,140           114    52    69  56 1,070  78  4,38 0,370  0,948 10001000  74  1,97    127
130,210           112    55    69  60 1,000  70  4,22 0,340  0,984 10000000  73  1,97    127
131,210           117    53    71  61 0,990  80  4,84 0,370  0,880 10000000  73  1,97    127
132,200           112    55    70  65 0,920  68  4,40 0,340  0,947 10000000  73  1,97    127
133,120           113    55    68  57 1,050  71  4,06 0,350  1,008 10000000  73  1,97    127
134,170           114    53    70  65 0,930  73  4,69 0,350  0,898 10000000  73  1,97    127
135,100           118    56    71  57 1,050  77  4,40 0,360  0,961 10000000  72  1,97    127
136,150           117    54    69  56 1,070  78  4,38 0,370  0,948 10000000  73  1,97    127
137,220           112    52    69  66 0,910  70  4,60 0,350  0,896 10001000  74  1,97    127
138,130           113    54    68  59 1,020  71  4,19 0,360  0,966 10000000  73  1,97    127
139,150           113    52    67  55 1,100  76  4,11 0,360  0,970 10000000  74  1,97    127
140,250           109    50    67  63 0,960  71  4,45 0,360  0,903 10000000  74  1,96    127
141,210           110    53    66  57 1,050  69  3,93 0,360  1,003 10000000  73  1,97    127
142,260           110    51    65  57 1,060  69  3,90 0,350  1,000 10000000  74  1,97    127
143,320           109    50    66  56 1,070  76  4,26 0,370  0,926 10000000  75  1,96    127
144,390           106    50    65  61 0,990  69  4,14 0,360  0,945 10000000  75  1,96    127
145,380           103    51    65  65 0,930  62  4,00 0,360  0,971 10000000  74  1,96    127
146,310           104    52    64  58 1,040  64  3,69 0,360  1,044 10000000  74  1,97    127
147,350           104    49    65  60 1,000  69  4,11 0,370  0,952 10000000  75  1,95    127
148,350           104    51    67  66 0,910  64  4,22 0,360  0,949 10000000  74  1,96    127
148,745         [Por] EVENTMARK
148,740         [Res] EVENTMARK
149,260           108    53    68  57 1,060  70  3,96 0,370  1,022 10000000  73  1,97    127
150,320           111    53    68  56 1,080  73  4,04 0,360  1,006 10000000  73  1,97    127
151,400           109    52    69  65 0,920  68  4,39 0,360  0,936 10000000  74  1,97    127
152,320           110    55    68  60 1,000  68  4,10 0,360  0,998 10000000  72  1,97    127
153,320           112    53    67  51 1,170  74  3,82 0,370  1,044 10000000  73  1,97    127
154,490           109    50    66  56 1,070  72  4,02 0,370  0,981 10000000  75  1,96    127
155,560           105    51    64  58 1,040  63  3,64 0,350  1,054 10000000  74  1,97    127
156,600           106    50    63  51 1,180  70  3,57 0,370  1,058 10000000  75  1,96    127
157,780           104    47    64  59 1,010  68  4,03 0,370  0,945 10000000  76  1,94    127
158,790           101    50    64  63 0,960  68  4,23 0,370  0,900 10100000  75  1,96    127
159,750           101    50    64  57 1,060  68  3,83 0,370  0,994 10100000  75  1,96    127
160,810           101    50    64  57 1,050  68  3,86 0,370  0,987 10100000  75  1,96    127
161,860           105    51    67  63 0,950  60  3,76 0,350  1,069 10100000  74  1,97    127
162,810           108    53    68  57 1,050  63  3,61 0,360  1,126 10000000  73  1,97    127
163,860           109    52    67  54 1,110  67  3,62 0,370  1,110 10000000  74  1,97    127
164,970           106    51    68  63 0,960  65  4,05 0,360  1,003 10000000  74  1,96    127
165,930           106    54    67  58 1,030  63  3,70 0,360  1,082 10000000  73  1,97    127
166,960           107    52    66  50 1,190  70  3,52 0,360  1,120 10000000  74  1,97    127
168,150           105    50    68  63 0,960  70  4,38 0,370  0,931 10000000  75  1,96    127
169,110           104    54    69  66 0,910  62  4,09 0,340  1,012 10000000  73  1,97    127
170,020           110    56    74  63 0,960  72  4,52 0,370  0,975 10000000  72  1,97    127
170,980           115    59    76  63 0,960  73  4,58 0,360  0,995 10000000  71  1,97    127
171,940           116    61    75  58 1,030  68  3,98 0,340  1,123 10000000  70  1,96    127
172,970           119    59    73  48 1,250  79  3,78 0,360  1,150 10000000  71  1,97    127
174,220           117    55    72  55 1,090  76  4,19 0,360  1,027 10001000  72  1,97    127
175,310           114    56    69  55 1,090  68  3,75 0,350  1,104 10001000  72  1,97    127
176,400           113    53    67  50 1,210  75  3,70 0,360  1,086 10000000  73  1,97    127
177,610           109    51    67  59 1,020  70  4,10 0,360  0,980 10001000  74  1,96    127
178,630           108    53    66  55 1,100  66  3,60 0,360  1,091 10000000  73  1,97    127
179,730           108    51    67  56 1,070  72  4,00 0,360  0,997 10000000  74  1,96    127
180,800           107    52    68  63 0,960  68  4,22 0,360  0,963 10000000  74  1,97    127
181,760           105    54    68  67 0,900  60  3,96 0,350  1,026 10001000  73  1,97    127
182,660           107    55    68  58 1,040  66  3,81 0,360  1,070 10000000  73  1,97    127
183,700           108    52    67  52 1,150  72  3,72 0,360  1,076 10000000  74  1,97    127
184,850           107    50    68  61 0,980  69  4,19 0,360  0,973 10001000  74  1,96    127
185,830           107    55    67  55 1,090  65  3,55 0,350  1,132 10000000  73  1,97    127
186,920           109    52    67  54 1,120  72  3,83 0,360  1,049 10000000  74  1,97    127
188,040           106    51    67  59 1,010  69  4,08 0,360  0,988 10000000  74  1,96    127
189,050           105    53    66  56 1,080  64  3,52 0,360  1,120 10000000  73  1,97    127
190,130           106    51    66  56 1,070  69  3,86 0,360  1,025 10000000  74  1,96    127
191,200           104    51    67  62 0,970  65  4,03 0,360  0,993 10000000  74  1,96    127
192,170           103    53    66  61 0,980  59  3,61 0,350  1,092 10000000  73  1,97    127
193,150           104    52    66  53 1,140  66  3,48 0,360  1,129 10000000  74  1,97    127
194,290           103    49    65  54 1,110  69  3,73 0,360  1,041 10000000  75  1,95    127
195,400           100    50    66  63 0,950  61  3,84 0,350  1,027 10000000  74  1,96    127
196,350           101    53    66  60 1,000  61  3,63 0,350  1,095 10000000  73  1,97    127
197,350           103    52    67  56 1,070  66  3,71 0,360  1,075 10000000  74  1,97    127
198,420           102    51    68  61 0,980  66  4,00 0,360  1,012 10000000  74  1,96    127
199,400           100    53    67  59 1,010  59  3,51 0,350  1,136 10000000  73  1,97    127
200,410           102    52    67  54 1,120  67  3,57 0,360  1,121 10000000  74  1,97    127
201,530           102    52    67  55 1,100  67  3,62 0,360  1,106 10000000  74  1,97    127
202,630           101    51    68  63 0,960  64  3,97 0,360  1,020 10000000  74  1,96    127
203,590           101    55    68  61 0,980  59  3,60 0,350  1,125 10000000  73  1,97    127
204,570           103    54    67  54 1,120  66  3,53 0,360  1,143 10000000  73  1,97    127
205,690           103    52    68  59 1,020  67  3,92 0,350  1,044 10000000  74  1,97    127
206,710           101    54    68  62 0,970  59  3,67 0,350  1,111 10000000  73  1,97    127
207,680           104    55    69  56 1,070  65  3,65 0,360  1,130 10000000  73  1,97    127
208,750           106    53    68  51 1,180  71  3,61 0,360  1,134 10000000  73  1,97    127
209,930           107    53    70  61 0,990  67  4,07 0,360  1,031 10000000  73  1,97    127
210,920           107    56    70  60 1,000  63  3,78 0,350  1,111 10000000  72  1,97    127
211,920           110    56    71  55 1,100  70  3,79 0,360  1,116 10000000  72  1,97    127
213,020           109    55    71  61 0,990  70  4,20 0,360  1,007 10100000  72  1,97    127
214,010           109    55    71  59 1,010  70  4,14 0,360  1,021 10100000  72  1,97    127
215,020           109    55    71  51 1,180  70  3,54 0,360  1,194 10100000  72  1,97    127
216,200           117    58    77  58 1,040  70  4,01 0,360  1,148 10100000  71  1,97    127
217,240           114    59    74  56 1,080  64  3,52 0,350  1,257 10000000  71  1,97    127
218,320           113    56    72  53 1,140  70  3,65 0,360  1,187 10000000  72  1,97    127
219,460           109    53    73  65 0,920  69  4,49 0,360  0,972 10000000  73  1,97    127
220,380           107    59    72  67 0,890  60  4,05 0,350  1,070 10000000  71  1,97    127
221,270           109    57    73  60 1,000  70  4,22 0,360  1,041 10000000  72  1,97    127
222,270           110    57    76  63 0,950  73  4,57 0,360  0,994 10000000  72  1,97    127
223,220           112    60    77  65 0,930  68  4,40 0,350  1,046 10000000  71  1,96    127
224,150           116    61    76  52 1,160  74  3,80 0,360  1,196 10000000  70  1,96    127
225,310           116    58    76  55 1,100  79  4,29 0,360  1,062 10001000  71  1,97    127
226,410           112    58    75  61 0,990  71  4,28 0,350  1,051 10001000  71  1,97    127
227,400           112    59    73  54 1,120  70  3,76 0,360  1,160 10000000  71  1,97    127
228,520           110    55    73  59 1,020  73  4,29 0,360  1,017 10000000  72  1,97    127
229,540           107    56    72  63 0,960  67  4,16 0,350  1,042 10000000  72  1,97    127
230,500           110    58    72  56 1,070  70  3,92 0,350  1,105 10000000  71  1,97    127
231,570           110    55    72  57 1,060  74  4,17 0,360  1,032 10001000  72  1,97    127
232,630           106    55    71  63 0,960  67  4,19 0,350  1,020 10000000  73  1,97    127
233,590           107    57    71  58 1,040  67  3,87 0,350  1,100 10000000  72  1,97    127
234,630           108    55    71  56 1,080  72  4,01 0,360  1,062 10000000  72  1,97    127
235,710           107    54    73  65 0,920  70  4,52 0,360  0,962 10000000  73  1,97    127
236,630           107    58    72  60 1,000  65  3,89 0,350  1,110 10000000  71  1,97    127
237,630           109    56    71  52 1,160  74  3,80 0,360  1,125 10000000  72  1,97    127
238,790           106    53    72  61 0,990  72  4,37 0,360  0,991 10001000  73  1,97    127
239,780           105    57    72  62 0,970  64  3,97 0,340  1,084 10000000  72  1,97    127
240,750           106    57    72  58 1,040  70  4,04 0,370  1,073 10000000  72  1,97    127
241,790           105    56    73  61 0,980  70  4,24 0,360  1,033 10000000  72  1,97    127
242,770           104    57    74  67 0,900  64  4,26 0,340  1,035 10001000  72  1,97    127
243,670           105    59    74  61 0,990  67  4,02 0,350  1,097 10001000  71  1,97    127
244,660           106    57    77  70 0,860  69  4,85 0,350  0,946 10000000  72  1,97    127
245,520           108    62    80  79 0,760  64  5,08 0,350  0,941 10001000  70  1,95    127
246,280           110    66    79  73 0,820  61  4,45 0,330  1,068 10001000  70  1,92    127
247,100           117    64    79  59 1,010  73  4,36 0,350  1,083 10000000  70  1,94    127
248,110           116    61    79  63 0,960  75  4,69 0,340  1,010 10001000  71  1,96    127
249,070           116    62    76  56 1,080  69  3,84 0,340  1,179 10000000  70  1,95    127
250,150           117    59    74  52 1,160  77  3,95 0,350  1,120 10000000  71  1,97    127
251,310           113    55    72  58 1,040  75  4,33 0,360  1,001 10000000  72  1,97    127
252,350           109    56    71  65 0,930  66  4,22 0,340  1,013 10000000  72  1,97    127
253,280           110    57    73  57 1,060  73  4,11 0,350  1,058 10000000  72  1,97    127
254,340           111    57    74  57 1,050  75  4,29 0,350  1,034 10001000  72  1,97    127
255,390           108    57    74  62 0,970  70  4,32 0,350  1,031 10001000  72  1,97    127
256,360           108    59    73  55 1,090  68  3,75 0,350  1,168 10001000  71  1,97    127
257,450           108    56    73  55 1,090  75  4,13 0,360  1,060 10001000  72  1,97    127
258,540           106    56    74  63 0,960  70  4,36 0,350  1,018 10001000  72  1,97    127
259,500           109    60    74  55 1,100  69  3,77 0,350  1,169 10001000  71  1,97    127
260,600           111    56    73  53 1,130  76  4,04 0,360  1,084 10001000  72  1,97    127
261,730           108    55    74  61 0,980  74  4,48 0,360  0,991 10001000  72  1,97    127
262,710           108    59    74  60 1,000  66  3,96 0,340  1,121 10000000  71  1,97    127
263,710           111    59    77  55 1,100  75  4,07 0,360  1,127 10000000  71  1,97    127
264,810           112    60    79  58 1,030  77  4,49 0,360  1,059 10001000  71  1,96    127
265,840           111    63    80  63 0,960  69  4,28 0,340  1,121 10001000  70  1,94    127
266,800           112    65    76  47 1,280  72  3,36 0,350  1,361 10001000  70  1,93    127
268,080           110    57    76  50 1,210  81  4,01 0,360  1,129 10001000  72  1,97    127
269,290           108    59    75  57 1,050  70  3,96 0,350  1,136 10001000  71  1,97    127
270,340           109    59    73  50 1,200  73  3,65 0,360  1,200 10001000  71  1,97    127
271,540           108    55    72  48 1,240  76  3,69 0,360  1,162 10001000  72  1,97    127
272,780           104    53    73  60 1,000  72  4,34 0,350  1,009 10001000  73  1,97    127
273,780           104    59    73  58 1,040  65  3,74 0,350  1,175 10001000  71  1,97    127
274,820           106    58    76  54 1,110  76  4,12 0,360  1,106 10001000  71  1,97    127
275,930           106    60    79  62 0,970  74  4,56 0,360  1,042 10001000  71  1,97    127
276,900           105    65    79  47 1,270  74  3,45 0,360  1,378 10101000  70  1,93    127
278,170           105    65    79  46 1,300  74  3,38 0,360  1,406 10100000  70  1,93    127
279,470           105    65    79  65 0,920  74  4,78 0,360  0,994 10100000  70  1,93    127
280,390           113    64    79  58 1,040  61  3,52 0,350  1,338 10001000  70  1,94    127
281,430           114    61    78  55 1,090  71  3,89 0,370  1,203 10001000  71  1,96    127
282,520           112    59    77  58 1,030  70  4,08 0,370  1,136 10001000  71  1,97    127
283,550           110    60    75  57 1,050  66  3,75 0,340  1,196 10001000  71  1,96    127
284,600           109    57    74  54 1,110  76  4,08 0,370  1,091 10001000  72  1,97    127
285,710           108    57    75  58 1,030  74  4,31 0,360  1,037 10001000  72  1,97    127
286,740           105    58    73  57 1,060  67  3,77 0,340  1,157 10001000  71  1,97    127
287,800           107    57    75  55 1,100  78  4,22 0,360  1,066 10001000  72  1,97    127
288,900           111    58    77  57 1,050  77  4,37 0,360  1,060 10001000  71  1,97    127
289,950           113    61    77  55 1,090  71  3,92 0,350  1,170 10001000  70  1,96    127
291,040           114    59    76  52 1,150  80  4,15 0,360  1,102 10001000  71  1,97    127
292,190           112    58    73  49 1,220  77  3,77 0,360  1,161 10001000  71  1,97    127
293,410           108    55    70  50 1,200  72  3,58 0,350  1,164 10001000  72  1,97    127
294,610           105    53    69  53 1,140  74  3,89 0,370  1,068 10000000  73  1,97    127
295,750           103    53    72  61 0,990  73  4,39 0,360  0,987 10000000  73  1,97    127
296,740           105    59    75  59 1,020  67  3,92 0,350  1,147 10000000  71  1,97    127
297,760           110    61    81  54 1,110  79  4,28 0,360  1,132 10001000  70  1,96    127
298,870           118    65    86  55 1,100  82  4,47 0,360  1,147 10001000  70  1,93    127
299,970           122    69    86  53 1,140  75  3,92 0,350  1,308 10001000  69  1,88    127
301,110           124    68    83  45 1,320  82  3,72 0,360  1,338 10001000  69  1,89    127
302,430           121    63    81  51 1,180  82  4,19 0,370  1,152 10001000  70  1,95    127
303,610           116    62    76  52 1,150  74  3,82 0,350  1,197 10001000  70  1,95    127
304,760           113    59    76  55 1,090  78  4,26 0,370  1,070 10001000  71  1,97    127
305,850           111    59    76  59 1,010  74  4,42 0,360  1,031 10001000  71  1,97    127
306,860           111    60    75  56 1,070  71  3,99 0,350  1,124 10001000  71  1,96    127
307,930           112    57    75  54 1,110  81  4,35 0,380  1,031 10001000  72  1,97    127
309,040           110    57    75  58 1,040  77  4,41 0,360  1,013 10001000  72  1,97    127
310,080           108    58    73  55 1,090  72  3,95 0,360  1,101 10001000  71  1,97    127
311,170           107    55    72  54 1,120  77  4,13 0,370  1,042 10001000  72  1,97    127
312,290           104    55    72  58 1,040  74  4,23 0,350  1,017 10001000  73  1,97    127
313,330           102    56    70  56 1,080  68  3,76 0,350  1,109 10001000  72  1,97    127
314,410           101    53    69  54 1,120  75  3,99 0,370  1,041 10001000  73  1,97    127
315,530            99    53    69  58 1,040  70  4,04 0,370  1,028 10001000  73  1,97    127
316,570            97    53    67  55 1,090  66  3,62 0,360  1,110 10001000  73  1,97    127
317,660            96    50    67  55 1,090  73  3,99 0,370  1,007 10001000  74  1,96    127
318,750            94    50    67  58 1,040  69  3,97 0,370  1,012 10001000  74  1,96    127
319,790            94    52    66  56 1,070  64  3,60 0,360  1,104 10001000  74  1,97    127
320,860            97    51    68  55 1,100  74  4,02 0,370  1,014 10001000  74  1,96    127
321,960            96    52    69  59 1,020  70  4,14 0,360  1,000 10001000  74  1,97    127
322,980            96    54    69  58 1,040  65  3,72 0,360  1,112 10001000  73  1,97    127
324,020            98    54    72  56 1,080  74  4,09 0,360  1,052 10001000  73  1,97    127
325,100           101    56    76  60 1,000  74  4,44 0,360  1,023 10001000  72  1,97    127
326,100           107    62    78  58 1,040  70  4,00 0,360  1,162 10001000  70  1,95    127
327,140           112    61    80  55 1,090  81  4,43 0,360  1,076 10000000  71  1,96    127
328,230           113    61    79  58 1,030  77  4,52 0,360  1,051 10001000  71  1,96    127
329,260           112    63    77  57 1,060  71  4,00 0,350  1,155 10001000  70  1,95    127
330,320           111    59    77  57 1,060  78  4,41 0,370  1,040 10001000  71  1,97    127
331,380           108    58    75  62 0,970  71  4,37 0,350  1,033 10001000  71  1,97    127
332,350           109    59    75  57 1,050  73  4,15 0,360  1,077 10001000  71  1,97    127
333,400           110    57    76  66 0,910  77  5,10 0,370  0,891 10001000  72  1,97    127
334,310           107    59    79  80 0,750  72  5,72 0,350  0,828 10001000  71  1,97    127
335,060           112    64    80  70 0,860  71  4,94 0,350  0,965 10001000  70  1,94    127
335,920           114    62    78  61 0,990  79  4,76 0,360  0,986 10001000  70  1,95    127
336,910           113    59    80  72 0,830  79  5,69 0,350  0,840 10001000  71  1,97    127
337,740           112    64    78  73 0,820  65  4,76 0,340  0,983 10000000  70  1,94    127
338,560           117    62    81  69 0,870  77  5,33 0,350  0,911 10000000  70  1,95    127
339,430           123    64    81  65 0,930  80  5,14 0,360  0,939 10001000  70  1,94    127
340,360           117    60    78  66 0,910  79  5,20 0,350  0,894 10001000  71  1,96    127
341,270           114    59    74  61 0,980  74  4,48 0,340  0,984 10001000  71  1,97    127
342,250           114    56    72  59 1,020  81  4,79 0,350  0,905 10000000  72  1,97    127
343,270           109    54    71  65 0,930  74  4,79 0,350  0,889 10000000  73  1,97    127
344,200           109    54    71  64 0,940  77  4,93 0,360  0,864 10001000  73  1,97    127
345,140           104    53    70  67 0,900  72  4,79 0,340  0,873 10001000  73  1,97    127
346,040           103    54    69  65 0,930  68  4,37 0,340  0,947 10000000  73  1,97    127
346,970           106    53    71  61 0,990  80  4,81 0,360  0,882 10000000  73  1,97    127
347,960           103    53    70  67 0,900  70  4,64 0,340  0,905 10001000  73  1,97    127
348,860           103    54    70  61 0,990  75  4,51 0,350  0,934 10001000  73  1,97    127
349,850           102    53    71  63 0,950  75  4,69 0,350  0,901 10001000  73  1,97    127
350,800           101    54    68  56 1,080  70  3,89 0,340  1,044 10001000  73  1,97    127
351,880           102    51    68  53 1,130  70  3,71 0,340  1,095 10101000  74  1,96    127
353,010           102    51    68  64 0,940  70  4,48 0,340  0,907 10100000  74  1,96    127
353,950           102    51    68  57 1,060  70  3,96 0,340  1,026 10100000  74  1,96    127
355,010           108    56    74  53 1,140  74  3,89 0,350  1,133 10100000  72  1,97    127
356,150           105    55    76  63 0,950  71  4,47 0,350  1,016 10001000  72  1,97    127
357,100           105    61    76  57 1,060  65  3,69 0,350  1,231 10001000  71  1,96    127
358,160           109    59    77  48 1,240  80  3,88 0,370  1,194 10001000  71  1,97    127
359,400           110    59    80  61 0,990  79  4,78 0,350  1,007 10001000  71  1,97    127
360,390           111    64    78  56 1,080  75  4,15 0,360  1,127 10001000  70  1,94    127
361,470           110    57    75  53 1,140  81  4,24 0,360  1,054 10001000  72  1,97    127
362,610           107    55    75  61 0,980  76  4,65 0,340  0,961 10001000  72  1,97    127
363,590           108    58    75  59 1,020  79  4,63 0,360  0,968 10001000  71  1,97    127
364,610           108    56    71  50 1,190  81  4,09 0,370  1,037 10001000  72  1,97    127
365,800           105    51    70  56 1,080  80  4,45 0,360  0,940 10001000  74  1,97    127
366,880           102    53    69  63 0,960  70  4,34 0,340  0,957 10001000  73  1,97    127
367,840           103    54    70  55 1,090  77  4,25 0,360  0,984 10001000  73  1,97    127
368,930           103    53    72  61 0,980  78  4,76 0,350  0,910 10001000  73  1,97    127
369,910           101    56    72  63 0,960  69  4,33 0,330  0,994 10001000  72  1,97    127
370,870           103    56    69  46 1,300  80  3,69 0,360  1,126 10001000  72  1,97    127
372,170           102    51    71  55 1,100  83  4,51 0,360  0,937 10001000  74  1,96    127
373,270           100    53    70  58 1,040  76  4,37 0,350  0,964 10001000  73  1,97    127
374,310           102    54    71  54 1,110  81  4,35 0,360  0,982 10001000  73  1,97    127
375,420           102    53    73  59 1,020  82  4,81 0,360  0,913 10001000  73  1,97    127
376,440           102    57    72  55 1,090  74  4,04 0,350  1,061 10001000  72  1,97    127
377,530           104    54    71  48 1,240  86  4,15 0,360  1,026 10001000  73  1,97    127
378,770           102    53    73  61 0,980  80  4,90 0,360  0,896 10001000  73  1,97    127
379,750           102    56    72  59 1,020  75  4,43 0,350  0,968 10001000  72  1,97    127
380,770           103    54    71  57 1,060  81  4,55 0,370  0,929 10001000  73  1,97    127
381,830           101    52    71  65 0,920  75  4,89 0,360  0,868 10000000  74  1,97    127
382,750           101    55    70  63 0,960  72  4,47 0,350  0,936 10001000  72  1,97    127
383,710           104    53    74  67 0,900  79  5,27 0,360  0,839 10000000  73  1,97    127
384,610           110    58    74  61 0,990  78  4,69 0,350  0,949 10000000  71  1,97    127
385,600           117    57    78  65 0,930  87  5,60 0,360  0,835 10000000  72  1,97    127
386,530           116    59    77  66 0,910  78  5,12 0,350  0,896 10000000  71  1,97    127
387,440           119    59    76  58 1,030  83  4,87 0,350  0,936 10000000  71  1,97    127
388,470           119    56    76  59 1,010  87  5,15 0,360  0,879 10000000  72  1,97    127
389,480           114    57    75  66 0,910  77  5,05 0,350  0,885 10000000  72  1,97    127
390,390           114    57    77  71 0,850  80  5,62 0,360  0,824 10000000  72  1,97    127
391,240           113    59    79  76 0,790  78  5,93 0,350  0,794 10000000  71  1,97    127
392,030           114    62    77  66 0,910  77  5,05 0,350  0,911 10000000  70  1,95    127
392,940           115    58    77  62 0,970  83  5,12 0,350  0,896 10000000  71  1,97    127
393,910           113    58    75  61 0,980  77  4,70 0,350  0,951 10000000  71  1,97    127
394,890           113    57    74  57 1,060  82  4,65 0,360  0,951 10001000  72  1,97    127
395,950           110    55    72  57 1,060  81  4,58 0,350  0,936 10001000  72  1,97    127
397,010           105    53    70  64 0,940  75  4,77 0,350  0,883 10000000  73  1,97    127
397,950           104    54    69  59 1,020  73  4,28 0,350  0,960 10000000  73  1,97    127
398,970           106    52    71  57 1,050  82  4,66 0,360  0,907 10000000  74  1,97    127
400,020           106    53    73  63 0,950  81  5,10 0,360  0,861 10000000  73  1,97    127
400,970           106    57    74  63 0,950  74  4,65 0,340  0,951 10001000  72  1,97    127
401,920           108    57    77  66 0,910  81  5,33 0,350  0,863 10000000  72  1,97    127
402,830           106    59    76  67 0,890  73  4,94 0,350  0,923 10000000  71  1,97    127
403,720           109    59    77  60 1,000  83  4,97 0,360  0,926 10001000  71  1,97    127
404,720           114    59    80  59 1,020  89  5,27 0,360  0,905 10001000  71  1,97    127
405,740           117    60    82  65 0,920  86  5,59 0,350  0,877 10001000  71  1,96    127
406,660           119    63    81  63 0,960  81  5,06 0,350  0,954 10001000  70  1,95    127
407,620           120    61    82  64 0,940  88  5,63 0,360  0,873 10000000  71  1,96    127
408,560           118    62    82  70 0,860  81  5,65 0,350  0,873 10001000  70  1,95    127
409,420           118    64    82  66 0,910  82  5,40 0,350  0,913 10001000  70  1,94    127
410,330           118    62    84  68 0,880  85  5,76 0,350  0,869 10001000  70  1,95    127
411,210           117    64    82  61 0,990  82  4,96 0,350  0,985 10001000  70  1,94    127
412,200           121    62    85  65 0,920  91  5,92 0,360  0,856 10001000  70  1,95    127
413,120           120    64    84  71 0,850  82  5,80 0,350  0,871 10001000  70  1,94    127
413,970           119    63    82  72 0,830  78  5,64 0,350  0,872 10001000  70  1,94    127
414,800           118    63    82  72 0,830  75  5,40 0,340  0,908 10001000  70  1,94    127
415,630           122    65    83  72 0,830  77  5,58 0,340  0,889 10000000  70  1,93    127
416,460           121    63    81  69 0,870  76  5,24 0,340  0,921 10000000  70  1,94    127
417,330           125    61    83  67 0,890  88  5,96 0,350  0,833 10000000  70  1,96    127
418,220           123    61    81  66 0,910  88  5,78 0,350  0,835 10001000  71  1,96    127
419,130           118    60    78  67 0,900  81  5,39 0,340  0,865 10001000  71  1,96    127
420,030           115    58    79  71 0,840  78  5,56 0,340  0,847 10000000  71  1,97    127
420,870           116    61    79  67 0,900  79  5,27 0,340  0,896 10001000  71  1,96    127
421,770           118    60    80  63 0,960  88  5,50 0,350  0,870 10001000  71  1,97    127
422,730           116    59    80  67 0,890  88  5,94 0,350  0,805 10101000  71  1,97    127
423,620           116    59    80  61 0,980  88  5,37 0,350  0,891 10100000  71  1,97    127
424,600           116    59    80  56 1,080  88  4,88 0,350  0,980 10100000  71  1,97    127
425,680           114    57    78  64 0,940  80  5,09 0,350  0,919 10100000  72  1,97    127
426,620           111    58    75  62 0,970  73  4,53 0,340  0,993 10001000  71  1,97    127
427,590           112    56    76  59 1,020  80  4,71 0,350  0,961 10001000  72  1,97    127
428,610           113    55    78  65 0,920  83  5,41 0,350  0,859 10001000  72  1,97    127
429,530           114    58    78  65 0,930  81  5,24 0,340  0,887 10001000  71  1,97    127
430,460           117    58    78  59 1,010  90  5,36 0,350  0,873 10000000  71  1,97    127
431,470           117    56    78  65 0,920  89  5,77 0,350  0,808 10001000  72  1,97    127
432,390           112    50    76  71 0,850  89  6,26 0,340  0,723 10001000  75  1,96    127
433,240           118    62    81  65 0,920  86  5,59 0,350  0,866 10000000  70  1,95    127
434,160           118    60    83  70 0,860  88  6,16 0,350  0,806 10000000  71  1,96    127
435,020           119    63    82  69 0,870  81  5,55 0,340  0,883 10001000  70  1,94    127
435,890           124    63    83  64 0,940  90  5,78 0,350  0,864 10000000  70  1,95    127
436,830           123    61    83  68 0,880  90  6,10 0,350  0,818 10001000  71  1,96    127
437,710           120    62    81  71 0,850  81  5,71 0,340  0,845 10001000  70  1,95    127
438,560           120    60    79  65 0,930  87  5,58 0,350  0,846 10000000  71  1,96    127
439,490           118    56    77  64 0,940  91  5,81 0,350  0,792 10000000  72  1,97    127
440,430           114    57    75  67 0,890  79  5,32 0,340  0,840 10001000  72  1,97    127
441,320           115    55    75  64 0,940  88  5,60 0,350  0,800 10000000  72  1,97    127
442,260           112    54    75  71 0,850  82  5,80 0,340  0,770 10001000  73  1,97    127
443,110           111    55    72  64 0,940  81  5,17 0,350  0,835 10000000  72  1,97    127
444,050           112    52    70  58 1,040  89  5,12 0,350  0,820 10001000  74  1,97    127
445,090           109    49    71  66 0,910  86  5,68 0,340  0,747 10000000  75  1,95    127
446,000           107    52    70  65 0,920  80  5,17 0,340  0,806 10000000  74  1,97    127
446,920           110    50    74  71 0,840  88  6,27 0,350  0,705 10000000  74  1,96    127
447,760           109    55    76  75 0,800  82  6,11 0,350  0,741 10001000  72  1,97    127
448,560           109    57    72  61 0,990  81  4,92 0,340  0,881 10000000  72  1,97    127
449,550           108    52    74  67 0,890  86  5,77 0,340  0,769 10000000  74  1,97    127
450,440           106    55    72  66 0,910  77  5,08 0,340  0,850 10000000  72  1,97    127
451,350           106    54    72  63 0,960  85  5,28 0,350  0,815 10000000  73  1,97    127
452,310           103    52    71  65 0,930  82  5,31 0,350  0,799 10000000  74  1,97    127
453,240           102    52    69  65 0,920  75  4,88 0,340  0,842 10000000  74  1,97    127
454,160           103    51    70  63 0,960  85  5,30 0,350  0,789 10000000  74  1,96    127
455,120           103    50    71  68 0,880  83  5,61 0,350  0,759 10001000  75  1,96    127
456,000           106    54    72  65 0,920  79  5,10 0,340  0,850 10000000  73  1,97    127
456,920           111    55    77  61 0,980  88  5,38 0,350  0,858 10000000  72  1,97    127
457,900           112    62    84  64 0,940  85  5,44 0,350  0,923 10000000  70  1,95    127
458,840           118    69    86  68 0,880  74  5,03 0,340  1,028 10001000  69  1,89    127
459,720           119    67    84  60 1,000  81  4,85 0,350  1,032 10001000  69  1,90    127
460,720           118    62    84  62 0,970  90  5,60 0,350  0,894 10001000  70  1,95    127
461,690           116    62    84  67 0,900  85  5,64 0,350  0,893 10001000  70  1,95    127
462,590           117    66    83  63 0,960  79  4,95 0,340  1,006 10001000  70  1,92    127
463,550           120    62    83  55 1,090  92  5,05 0,350  0,983 10001000  70  1,95    127
464,640           121    61    85  61 0,980  95  5,78 0,350  0,879 10001000  71  1,96    127
465,620           119    63    84  67 0,900  82  5,47 0,340  0,918 10001000  70  1,94    127
466,520           120    64    82  56 1,070  86  4,82 0,350  1,014 10001000  70  1,94    127
467,590           121    59    81  55 1,100  97  5,26 0,350  0,923 10001000  71  1,97    127
468,490         [Res] EVENTMARK
468,490         [Por] EVENTMARK
468,690           118    59    82  62 0,970  92  5,72 0,350  0,857 10001000  71  1,97    127
469,660           115    61    80  61 0,990  83  5,04 0,340  0,949 10001000  70  1,96    127
470,650           118    60    80  54 1,110  94  5,06 0,350  0,948 10001000  71  1,96    127
471,760           116    58    81  59 1,010  95  5,62 0,350  0,867 10001000  71  1,97    127
472,770           114    60    79  59 1,010  87  5,15 0,340  0,920 10001000  71  1,96    127
473,780           113    58    81  64 0,940  91  5,81 0,350  0,833 10001000  71  1,97    127
474,720           113    61    76  52 1,150  82  4,26 0,340  1,066 10001000  71  1,96    127
475,870           118    57    80  58 1,030  93  5,43 0,350  0,881 10001000  72  1,97    127
476,900           118    60    77  57 1,060  84  4,75 0,350  0,975 10001000  71  1,97    127
477,960           119    57    79  61 0,980  89  5,43 0,350  0,867 10001000  72  1,97    127
478,940           117    61    81  70 0,860  80  5,57 0,350  0,869 10001000  71  1,96    127
479,800           117    64    83  75 0,800  73  5,49 0,340  0,901 10001000  70  1,93    127
480,600           119    66    76  51 1,180  73  3,70 0,350  1,236 10000000  70  1,92    127
481,780           120    57    75  51 1,180  87  4,41 0,350  1,020 10000000  72  1,97    127
482,960           116    57    74  54 1,120  78  4,15 0,350  1,069 10000000  72  1,97    127
484,080           114    54    74  63 0,950  76  4,79 0,350  0,923 10000000  73  1,97    127
485,030           108    57    72  68 0,880  65  4,39 0,340  0,980 10000000  72  1,97    127
485,910           108    56    72  69 0,870  67  4,61 0,340  0,930 10000000  72  1,97    127
486,780           112    57    74  67 0,900  73  4,87 0,350  0,908 10000000  72  1,97    127
487,680           114    57    75  70 0,860  73  5,09 0,350  0,881 10000000  72  1,97    127
488,540           116    58    73  61 0,990  74  4,49 0,350  0,968 10000000  71  1,97    127
489,530           117    55    72  58 1,030  81  4,71 0,360  0,914 10000000  72  1,97    127
490,560           113    54    71  65 0,920  73  4,73 0,340  0,897 10000000  73  1,97    127
491,480           112    55    71  57 1,050  73  4,15 0,340  1,022 10100000  73  1,97    127
492,530           112    55    71  57 1,050  73  4,15 0,340  1,022 10100000  73  1,97    127
493,580           112    55    71  71 0,850  73  5,13 0,340  0,827 10100000  73  1,97    127
494,430           102    52    66  61 0,980  59  3,60 0,350  1,091 10100000  74  1,97    127
495,410           102    50    63  48 1,240  66  3,18 0,360  1,183 10000000  75  1,96    127
496,650            97    46    63  58 1,040  63  3,64 0,350  1,042 10000000  77  1,93    127
497,690            96    49    62  51 1,170  61  3,14 0,370  1,179 10000000  75  1,95    127
498,860            95    47    64  54 1,110  68  3,66 0,370  1,040 10000000  76  1,94    127
499,970            93    49    65  63 0,950  59  3,73 0,350  1,049 10000000  75  1,95    127
500,920            94    53    64  48 1,260  63  2,98 0,370  1,283 10000000  73  1,97    127
502,180            94    48    64  47 1,270  72  3,36 0,380  1,138 10000000  76  1,94    127
503,450            92    49    67  59 1,010  64  3,81 0,360  1,047 10000000  75  1,95    127
504,460            93    54    68  56 1,070  61  3,43 0,350  1,193 10000000  73  1,97    127
505,530            99    55    74  52 1,160  74  3,81 0,370  1,161 10001000  72  1,97    127
506,690           108    59    79  58 1,040  74  4,23 0,360  1,113 10001000  71  1,97    127
507,730           112    64    79  56 1,070  67  3,74 0,340  1,259 10001000  70  1,94    127
508,800           116    62    78  53 1,130  75  3,99 0,380  1,172 10000000  70  1,95    127
509,930           115    59    77  56 1,070  73  4,09 0,380  1,122 10000000  71  1,97    127
511,000           111    59    73  55 1,090  66  3,62 0,350  1,201 10000000  71  1,97    127
512,090           110    56    71  53 1,130  72  3,83 0,380  1,112 10000000  72  1,97    127
513,220           106    54    70  59 1,020  69  4,04 0,360  1,039 10000000  73  1,97    127
514,240           103    55    68  56 1,070  63  3,54 0,360  1,144 10000000  72  1,97    127
515,310           103    52    67  56 1,080  70  3,87 0,370  1,042 10000000  74  1,97    127
516,390            99    51    67  60 1,000  66  3,96 0,360  1,011 10000000  74  1,96    127
517,390            97    52    65  57 1,060  62  3,49 0,360  1,113 10000000  74  1,97    127
518,450            97    50    65  55 1,100  68  3,68 0,370  1,051 10000000  75  1,96    127
519,550            94    49    64  59 1,020  64  3,76 0,360  1,021 10000000  75  1,95    127
520,570            92    49    62  56 1,070  60  3,33 0,360  1,117 10000000  75  1,95    127
521,640            92    48    63  55 1,090  66  3,64 0,370  1,034 10000000  76  1,94    127
522,730            91    47    63  58 1,030  63  3,70 0,370  1,017 10000000  76  1,94    127
523,760            90    49    62  56 1,070  59  3,30 0,360  1,118 10000000  75  1,95    127
524,830            92    47    63  55 1,100  67  3,64 0,370  1,034 10000000  76  1,94    127
525,930            92    49    65  60 1,000  63  3,78 0,360  1,023 10000000  75  1,95    127
526,930            94    52    65  58 1,030  60  3,48 0,360  1,116 10000000  74  1,97    127
527,960            97    51    67  56 1,070  70  3,89 0,370  1,037 10000000  74  1,96    127
529,030            99    53    70  60 1,000  67  3,99 0,360  1,048 10000000  73  1,97    127
530,030           104    57    71  56 1,070  65  3,64 0,360  1,162 10000000  72  1,97    127
531,100           106    55    70  54 1,110  72  3,89 0,360  1,079 10000000  73  1,97    127
532,210           103    50    67  59 1,010  74  4,37 0,360  0,913 10000000  75  1,96    127
533,220            98    48    64  56 1,080  69  3,83 0,360  0,998 10000000  76  1,95    127
534,300           101    48    67  57 1,050  76  4,35 0,370  0,924 10000000  76  1,95    127
535,350           103    51    67  56 1,080  70  3,86 0,360  1,033 10000000  74  1,97    127
536,430           106    52    69  59 1,020  76  4,47 0,360  0,929 10000000  74  1,97    127
537,450           107    53    69  59 1,010  70  4,17 0,350  0,985 10000000  73  1,97    127
538,460           110    53    69  54 1,110  79  4,27 0,370  0,973 10000000  73  1,97    127
539,570           111    51    70  60 1,000  78  4,70 0,360  0,896 10000000  74  1,96    127
540,570           110    55    68  56 1,080  71  3,94 0,360  1,027 10000000  73  1,97    127
541,650           111    51    67  56 1,080  78  4,30 0,370  0,938 10000000  74  1,96    127
542,730           107    49    66  61 0,990  70  4,22 0,360  0,934 10000000  75  1,95    127
543,720           105    52    65  57 1,060  68  3,81 0,360  1,027 10000000  74  1,97    127
544,780           106    50    66  57 1,050  73  4,15 0,370  0,954 10000000  75  1,96    127
545,830           107    52    66  58 1,030  67  3,90 0,360  1,011 10000000  74  1,97    127
546,860           110    52    67  55 1,100  75  4,06 0,370  0,986 10000000  74  1,97    127
549,745         [Por] STOP!(c) 
